TOPERANDS REPoerD MEDIA 509101113
1333 TOTALS
was RIF 1m am

we ”4,533,351 515,505,533 Liam 55,314,505
3311 51,704,405 1,110,545 a 0
Mm 30,153,335 11,005,310 41,225 2,132,294
vsuMs 21,175,240 335,510 4,300 1,014,313
WINSTON 15,050,552 503,535 2,242,500 0
$4150 13,300,444 205,210 2,043,533 0
cows 13,001,001 135,141 1,320,300 0
VANTAGE 13,314,702 404,130 1,451,215 0
chE 13,322,715 3,301 137,713 731,411
no” 13,453,041 1,553,351 720,705 3,223,037
KOOL 10,524,242 11,501 24,000 0
NEWPORT 13,573,545 107,335 312,190 3,040,124
TOTAL “00,243,653 $32,135,300 30,133,341 517,030,222
Tormnusmv $70,023,503 $53,010,100 513,910,400 543,334,300
0111503340315

cam 12,352,770 4,040,007 2,200,500 0
MM 0 1,000,733 0 N 0
M0011 0 14,535 0 5 0
mus 0 127,450 4,010 g 0
mum 13,504,273 1,150,333 177,500 ° 72,300,000
