- .. . 0 7,777
77.7. 777.777 7.7777.
n m WCJHSEXLS
777.7 7, 7777 7777777 77.77.7777
777. 77.7 77.7 7777777 77.77.7777
—“mm
777777777.7777. 777777777 7,777,777 7.77777 7,777,777
7777.77 7,777,777 7777777 7,777,777
5/1/9293 7,556,330 |713659 5,704,452
7777777. 7,777,777 777777 7,777,777
77777777 7,777,777 777,777 77,777,777
777777777777. 77777777 7,777,777 777777 7,777,777
77777777 7,777,777 777777 7,777,777
7777777 7,777,777 777777 4,777,777
77777777 7,777,777 7777777 7,777,777
7777777 777,777 777777 7,777,777
7777777777777, 7777777777 77,777,777 777777 77,777,777
77777777 77,777,777 77777777 77,777,777
7,777.77 77,777,747 777777 77,777,777
7,777.77 77,777,777 7777747 77,777,777
77777777 77,777,777 7.77777 77,777,777
7777 777 777 77,777,777 7.7777, 4777 7777 777 77.77.7777 77777 77. 7777777 7777
77.7. 777777 77.7 .77 777777 7.77 7.77 77 77.77.77 7777777 .77 7777 7777.
77
7
77
m
77
77
77
7
7
