b acsumwe
! 1996-97 BROOK COVE LEAF CHEMISTRY MONITORING
530013 NNN NAT NNK 7311914 1111100311 14111313 1120 331 7013111
. 113 uglqm mm 0010711 14313711 13 0. 1111 311011310
01-1 1.31 0.03 0 35 3.14 4.31 2 31 2 00 3.70
3-2-1 1.05 0.07 0 33 2.05 4.54 2 03 2 43 345
133-1 1.02 0.75 0 32 2.00 4,53 1 03 3 04 3.32
04-1 1.00 0.33 0.31 1.04 4.34 1 02 2 51 3.73
313—1 1.30 032 0 33 2 57 4.53 212 2 03 3.30
. 0-3-1 1.40 1.33 0.37 2.30 4.33 1 12 2 52 3.74
501-1 1.33 1.52 2 23 5.03 2.00 0 00 1 25 207
502-1 1.17 1.30 2 03 4.50 2.50 003 120 2.11
5031 1.27 1.33 2 03 4 30 2.00 010 1 05 3 03
504—1 1.35 1.41 2 20 5.05 2,00 0.05 1.22 3,03
50,51 1.43 1.55 2 52 5.50 320 0.41 2 14 3.23
rum 1.40 1.44 2.31 5.24 2.17 0 03 1 33 2.32
014 1.31 1.33 0.34 3.53 4.73 1.33 2.73 404
02-4 1.22 1.05 0.33 2.00 4.00 1.00 3 23 4.45
03.4 1.34 1.32 0.03 3.32 5.03 1.01 2.30 1.03
04-4 1.21 1.12 0.50 2.02 4.03 1.73 313 1.04
054 2.41 1.03 0.75 5.20 5,03 1.73 4.74 4.37
004 1.02 1.07 0.00 4,50 5,00 1.30 2 02 4 20
ro1-4 0.00 1.30 1.02 4.20 3.13 0.22 3 55 3,30
r1>2-4 1.10 1.00 2 33 5.14 2.07 0.12 221 3 35
503-4 1.03 1.50 221 4.77 3.17 017 100 3.01
5044 1.30 1.35 2.75 5.03 3.05 0.15 1 31 330
mu 1.40 1.30 2 00 3.17 3,05 0.11 145 3.01
For-4 1.05 1.44 2.13 4.32 3.01 0.15 1.34 323
131-7 1.41 122 0.33 3.43 5.00 1.73 411
0-2-7 1.41 1.04 0 50 2.35 4.73 1.00 4.11
- 53.1 1.32 1.22 0.44 3 20 4.00 1.01 4.20
04—1 1.30 1.04 0.31 2.10 4,32 1.33 4.44
50-7 2.24 1.74 0.53 4,50 4,02 1.01 4.25
00-7 2.20 1.70 0.31 4,00 4.13 1 73 1.10
' F0—I-7 1 35 170 2.03 3.12 4.021 1.337 3 737
7027 1.54 1.04 3.31 3.35 2,01 0.40 3.15
my 1.43 1.03 3.03 3.32 2.00 0.43 335
row 1.32 2.20 3.33 1.70 2,04 0.41 3.54
row 1.04 2.27 3.30 7 57 2.35 0.27 3.53
5007 2.30 2.23 2 01 3.33 2.33 0.25 3.23
01.10 2.31 2.43 153 3 41 3 31 0 51 1 47 3.25
02-10 2.23 200 1 31 5.33 4,15 1 50 z 04 3.34
0310 2.20 2.30 140 4.53 5 14 1 13 1,03 3 25
34-10 1.00 1.03 MB 3.37 4.53 1 05 1 04 3.44
0513 4.13 4.21 1.35 10.10 4.41 1.53 2.03 3.21
153-10 4.32 4.33 1 73 10.44 4.43 1,52 2.11 3 33
- 501-10 1.20 1.77 2,40 3.54 3.10 0.11 1.10 3.04
502-10 1.33 1.32 2.00 5.35 2.74 0.03 1.11 2.00 a.
res-10 1.31 1.30 2.55 5.55 2 04 0.03 1.35 3.23 g
1 5104-10 1.42 1.00 2.01 3.33 2.01 0,07 1.21 3.32 a
34
8
P433 1 A
%—
